27

DATES ASSIGNED TO THE EGYPTIAN DYNASTIES BY

 

 

 

 

 

 

EGYPTOLOGISTS.
Dynasty. Champollion- Lepsius Brugsch Mariette.
Figeac. (in 1858). (in 1877).

I. B.C. 5,867 3,892 4,400 5,004
11. 5,615 3,639 4,133 4,751
111- 5,318 3,338 3,966 4,449
1V» 5,121 3,124 3,733 4,235
V- 4,673 2,840 3,566 3,951
VI. 4,425 21744 3,300 3,703
VII. 4,222 2,592 3,100 3,500
VIII. 4,147 2,522 3,500
IX. 4,047 2,674 —— 3,358
X- 3,947 2,565 —— 3,249
XI- 3,762 2,423 —— 3,064
XII. 3,703 2,380 2,466 2,851
XIII, 3,417 2,136 2,235

XIV. 3,004 2,167 2,398
XV. 2,520 2,101 —— 2,214
XVI. 2,270 1,842 ———

XVII. 2,082 1,684

XVIII. 1,822 1,591 1,700 1,703
XIX. 1,473 1,443 1,400 1,462
XX. 1,279 1,269 1,200 1,288
XXI. 1,101 1,091 1,100 1,110
XXII. 971 961 966 980
XXIII. 851 787 766 810
XXIV. 762 729 733 721
XXV. 718 716 700 715
XXVI. 674 685 666 665
XXVII. 524 525 527 527
XXVIII. 404 525 ~— 406
XXIX- 398 399 399 399
XXX- 377 378 378 378

XXXI. 339 340 340 340

