 

 

INDEX

 

 

605

 

Makrizi—467, 588

Malateeyeh—529

Mallet—144, 268

Malortie—174

Mammisi—SIS

Manfaloot—28, 29, 200, 245, 267, 381,
418, 480, 528

Manhattan, The—558

Mansoor—343. 422, 531

Mansoorah—257, 441, 577, 579

Mansoorah, The—182, 183, 190

Marchand—460, 520, 549, 588

Marcus Aurelius—405

Marden—375

Margaret—97, 141

Mariam—131, 477

Mariette—16, 17, 21, 23, 28, 32, 37, 44,
45, 48, 52, 64, 71, 88, 91, 122, 137, 144,
162, 208, 211, 213, 219, 220, 221, 229,
242, 256, 278, 284, 291, 296, 298, 305,
309, 310, 381, 383, 409, 421, 429, 439,
453, 456, 514, 522161 570

Marquand—1882

Marseilles—1,70,1175 177,255, 353,
407, 471 536, 538,5 57

Martin—557

Marucco—411

Mary Albert—253

Masaherta—530

Mason, Miss—147

Mason-bey—410, 431, 570, 574, S75

Maspero—IO, 21, 22, 24, 27, 28, 29, 32,
37, 44. 45, 46, 48, 49, SO, 53, 54, 57, 60,
61, 62, 63, 64, 65, 66, 67, 68, 70, 71,
73, 74, 77, 78, 80, 83, 87, 88, 89, 92, 99,
03, 104, 108, 109, 110, 111, 113, 115,
116, 121, 122, 123, 126, 127, 128, 132,
135, 139, 140, 141, 144, 145, 146, 149,
152, 153, 155, 157, 158, 160, 161, 162,
163, 165, 166, 170, 181, 183, 187, 190,
193,194,196,197, 198, 200, 201, 203,

, 206,207, 208, 209, 210, 212, 216,
217, 223, 226,
237,238,
246, 247,
261, 263,
277, 278,

236,
245,
256,
276,

227, 229,
239, 240,
248, 249,
270, 271,
279, 280, 283, 284

232,
241,
252,
273,

234,
243,
253,
274,

235,
244,
254,
275,
286,

290, 291, 292,
307, 308, 340,
354, 355, 356,

295, 296,
342, 345,
361, 362,

301 ,
348,
364,

302, 304,
349, 350.
365,

367,

368, 370, 371 ,

379,

380, 382,

373, 374,
383, 384,

375.
385,

377,
392,

409, 413, 416, 429, 457, 462, 463,
483, 489. 521, 551, 578, 586

Maspero. Mme.—22, 64, 65, 68, 71,

143, 152, 153, 181, 183, 189, 195,

203, 206, 219, 241, 258, 259, 278, 279,

281, 282, 283, 285, 286, 287, 305,
308, 312,313, 345,359,364, 413,416
Maspero. Hervé—ZSZ, 260, 313, 430
Masr—343

378,
396,

466.

108,
197,

307,

 

Masr, The—45

Massiba Bolos—303

Masterman—82, 85

Matanyeh—195, 249

Matariyeh—14, 27, 82

Matthews—440

Maudslay—SS3, 558, 560

Maximilian—324, 326

Mayer—303

Mackaye, Colonel—9, 15, 16, 19, 23, 177

McCoIlum—464

McKeown—268, 564

McLaren—SOO, 501, 502, 504, 508, 510

Migcsza—IS, 81, 100, 185, 200, 313, 444,

Medeenet cl Fayoom—SSO

Medeenet Haboo—SO, 31, 50,58 139,
144, 240, 285, 297, 354,497, 503, 5'21,
546,557,587

Medusa—191, 196, 350

M eermin, The—520

Megan—400

Mehallah—276, 515, 549

Mehemet Aly—64, 184

Mehemet—104, 106

Mehemet Hassan—242

Meir—479

Melbourne—96

Mellawee—197, 266, 528

Memnon—118, 192,239, 301, 309,357,
421,461,548

Memphis—15, 16, 25, 27, 81, 96, 249,
252, 304. 306, 309, 326,474 486, 488

Mena—477

Menascé, Baron—471

Mendes—575

Meneptah—17, 55, 136, 314, 326, 337,
343, 519

Men-Kheper-ra—189

Menheet—270

Menib—3

Menkabad—419, 481

Menqualin—450

Mensheeyeh—99, 204, 269,300, 301, 428,
456, 461,465, 489,523,526, 544, 560

M enshzeh The—34

Mentuhotep—304

Meraten—83. 96

Merenra—307

Mermaid, The—481, 482, 544

Merchant—511

Mer-n-Amon—343

Mersament—295

Men—158

M§s63eykh—154, 270, 428, 456, 465, 490,

Messina—Z, 179,468,540, 568
Meydoom—28, 87, 89,97,196, S70, S79
Michael—359, 427, 561

Michel Ange10—322
Middlemass—336, 339, 342, 387

